0

71. 222622 26662662 26262226622. 119

vers. ’ nr. vers. nr.
1. ’ 707. 171. 629. '
asq. 707. 174. 270.
0sq. 707. 170. · 270. 724.
10. 707. 180. 291.
10. Ι 707. 181. 329.
20. 220. 182. 243.
22. 225. 707. 728. 186. 725.
23. 329. 728. 187. 247725. 728.
· 25. 329. 189. 324.
20. 258. 190. 329. 689. 724.

20. 220. 200. 202. 707. 2100q. 720.
722. 720. 700. Ι 220. 204. 200. 020.
00. 200. 221. 200.
01. 222. . 222. 224.
62. 692. 262. 0 224. 204.
00. 707. ξ 226. 296. 020. 004. 724.
07. 004. 0 200. 200.
40. 629. 707. 1 271. 220.
40-0. 47. 707. ἰ 270. 220.
04-v.00. ¹ 707. 200. 020.
00. 102. 207. 710.
02. 000. 202-v.204. 266.
72. 231. 200-0. 200. 000.
81 sq. 730. 298. 231.
266-2. 110. 004. 7 666. 270.
100. 220. A 004. 020. ⁴
100. 020. ² 011. 102.
100-111. 000. ἶ 010. 929.
110 sq. 700. ἔ 010. 020.
120. 201. ξ 020. 200.
120-100. 000. 3 000. 200.
120. 220. ⁴ 040. 200.
100. 270. : 044. - 200.
100. 220. 0 000. 710.
144. 201. ¹ 001. 200.
140. 020. 1002. 020.
140. 220. 00001. 720.
147. 000. 704. 001-0. 401. 710.

100. 270. 720. 000. 220.
101. 720. , 699. 296.

100. 201. 0 402. 220.
107. 220. 0 410. 000.
100. 220. 710. ! 411. 200. 000.

p 2226622222 0 2226622222

 

