19

occentus

44 1. 11101111 couununmouuu.

1483. - Ι) OR. 7. 11.18. 31. 120. 159. 180. 217. 230. 281. 297. 329.
360. 420 011. 418. 508. 509. 517. 522. 567. 579. 676-124. 741. 742. 815.
832. 894. 905. 930. 043. 976987. 1028. 1031. 1085. 1091. 1135. 1145.
1216. 1232. 1264. 1261. 1280. 1330. 1341. 1348. 1350 sq. 1371. 1383.
1416. 1423. 1444. 1463. 1476. 1506. 1512. 1511.-)00.40.10. 104.
113. 118. 121. 133. 134. 175. 243. 252. 260. 278. 281. 297. 307. 315.
321. 321011. 363. 367. 380. 391. 402. 415. 453. 458. 460. 415. 480. 502.
522. 524. 535. 554. 570. 588. 655. 653. 702 sq. 121. 749. 711. 783. 805.
813. 861. 912. 1003. 1011. 1013. 1019.10211036.104310551076.
1084. 1098. 1118. 1135. 1209. 1250. 12661371. 143614531468011.
1490. 1534. 1536-1538. 1560 sq. 1565. 1514. 1579. 1584. 1632. 1640.
1691. 1693. 1699. 1113. 1722. 1752. 1115. -1111111, 1. 4. 6. 24. 30. 70.
81. 112. 122. 130. 138. 151. 156. 167. 212. 215. 241. 281. 299. 300. 325.
362. 382. 386. 414. 436. 467. 575. 578. 586. 594. 596. 600. 604. 606.
614. 622. 627. 705. 157. 760. 775. 838. 851. 856. 931. 100210131029.
10341138. 1158. 1179. 1203. 1225. 1232. 1236. 1301. 1348. -ll Tr. 47.
55. 57. 77. 80. 94. 140. 145. 188. 196. 214. 313. 322. 331. 363. 379 sq.
383. 419. 433. 526. 549. 554. 578. 623. 653. 678. 716. 717. 182. 830.
837. 854. 879. 911. 972. 988. 100501019011. 1047. 1139. 1118. 1179.-
1220. 1221. 1228. -11911 23. 25. 43. 108. 145. 171. 181. 190. 220. 228.
286. 313. 316. 382. 421. 436. 460. 498. 502. 507. 533. 540. 559. 572.
590. 642. 650. 701. 711. 728. 826. 834. 842. 929. 939. 956. 1003. 1032.
1048. 1135. 1140. 1153. 1115. 1207. 1212. 1220. 1231. 1246. 12521254.

ἢ ’ 1266. 1308. 1337. 1383. 1385. 14021420-111103111. 24. 58. 109, 3.
109,10. 161. 209. 223. 227. 235,1. 238. 284,2. 352. 4611). 410,2.
5830. 675. 678,12. 713, 7. 761. 830.

C. qui versus iniuria spurii iudicari videantur.

D. interpoletos 1111011 hos versus: Ai. 327. 5545. 511. 834. 841011.
El. 61-66. 951. 1173. 1485. OR. 598. 670. 1303. 1397. 00. 95. 231-
257. 301-304. 614011. 7691). 862. 1190. 1626. 1716. 1111141. 31301.
905-913. 1080-1083. 1250. Tr. 17. 84. 585. 601. 628. 684. 696. 745.

1069. 1165. Ph. 304. 1442-1444. - 1) ex parte uideri interpolatos Ai.
961 sq. 1402 sqq. Tr. 1257 01111. Ph. 1452 sqq.

p] 2. pst, 330. wessel, Paulus. quaestiones Sophocleee. Progr. gym-

⁰ moseburgi 1870. 4⁰. 23 pp.

explicantur hic illic 01110 criticae ratione habite OC. 26. 35. 59. 62.
63. 192. 241. 276. 278. 282. (1181 38001. (11.9.) 402. 401 sq. 521011.’
0000111015. (p. 11.) 1001. 1111. (ρ. 11.) 0111011. sou. seu-oue
(praecipue 594. 596. 599-603.).(1). 17.) demonstretur grammatice 101000
Ant. 280 ratio. (p. 18.) egitur 1101101111 interrogationibus posito. tp. 10.)
11014111. 489-490. 111. 20011.) de assimilatione. (p. 21 sqq.) de Phil. 62.

331. wax, F. O. Sophocleische enelecten. Progr. gymn.

Schweriu. 1863. 16111101.) 41241111.
01111101011001100 Centrulblett 1864. nr. 10. - Jahrbb. f. Philolog.

 

