11. INDEX 1100081151 wermonon.

0151111‘. 1555919

nr.

902.
' 295. 929. 551. 511.

591.

550. 591.

902. 559. 595.

559.

555.

295. 550. 555.

521.

929.

200.

595.

551. 551.

299. 559.

559.

250. 595.

250. 595.

299.

902. 559.

550. 511.

591.

192.

599. 599.

550.

902. 551.

, 902. 591. 599.

599.

529.

211. 255. 559. 529.

559.

559.

529.

559. 511.

511.

. 519. 511.
100. 255. 591.
191. 902. 501.
102. 591.
195. 211. 551. 559.
195. 529.
105. 259. 591.
109-111. 590.
110. 595.

107

omn). 555519

vers. nr.

112. 599.
114. 599.
116. 302. 573. 611.
117. 266. 573. 594. 599. 611.
119. 573. 595.
120. 329.
124. 362.’
124-706. 546·
130. 595.
133. 555.
134. 268. 566. 571.
136 5q. 564,
139. 226.
146. 555. 595.
142. 550.
147. “ 550,
153 5q. 598.
159. 329.
161. 573.
167. 595.
166 5q. 576. .
171 5q. 573.
173. ’ 393.
174 5q. 574.
160. 329.
162. 286.

195. 266.
189-202. 552.

¹9⁰· 132.

191. 554.
193 5q. 314.
195. 595.
196. 244.
196. 259. 275. 549. 573. 5819.

591. 595. 598.
199. ¹ 573. 598.
266. 591. 561 b. 595.
202-215. 562.
293-266. 571.
264. 595.
205. 266. 549. 595.
239. 571.
211. 595.

 

