¹ 11. 1991616 LOCORUM 21346249013611.

09911‘. 0011019991

VOI'S. nr.

194. 294. 329.
193. 611.
199. 669.
119. “ 226.
113. 233. 266. 233. 299. 329.

622. 649. 634. 692.
113-296. 621.
119. 329.
121. 329.
133. 329. 661.
134. 329. 661
666. 226. 666. 669. 699.
119. ’666.
144. 623. 669.
144-169. 226.
141. 219.
149. 666.
149. 666.
169. 329. 669.
151. 394.
132-163. 666.
166. 663.
666. 663.
166-162. 661.
161. 666.
662. 669.

163. · 684.
172. 317.

174. 571.

¹ 136. 269. 329.

666. ¹ 296.
199. 362.

, 192. 330. 669.
194. 571.

203. 225.
214. 669.

219. 639.
220. 630.

221. 232.
229. 336

229. 232. 335. 623. 648.

674. 635.
230. 221. 623.

(66662166, 1143141111161,

’0

113

OEDIP. 001103991

vers.

239-263.

241.

242-247.
242-244.

243.
252.
256 9q.
269.
260.
261.
263.
269.
270.
276.
277.
278.
280.
281.
262

282-264.

264.
299.
300.
301.

301 -304,

302.

303-307.

306.
367.
308.
309.
313.
316.
316 sq.
320.
321.
327.

327-330.
328-339,

329.

329.
330.

nr.
234. 329.
’ 330.
661.

266.

329. 622.
329.

661.

226. 392.
329.

392.

623.

669. ⁴

266.

339. 661.

661. 639. 996.
266.. 329. 339.
669.

329.

232. 339.

696.

669.

329.

666.

299.

329. 646.

299. 696.
666.

666.

232. 299. 329. 696.
646. 666.

266.

666.

329.

623.

663.

299. 329. 663.
· 329.

669.

226.

329. 642. 669. 614.
699.

642. 699.

669.

 

