11. INDEX LOCORUM TRACTATORUM.

TRACHINIARUM

nr.

311. 746. 761.
275.

311. 334.
764.

761.

292. 329.
329. 736. 759.
334.

275. 329.
303.

308. 344. 329.
308.

268.

329.

328.

736.

749.

749.
339. 736.
266.
334.
238.
220.
329.
746.
266.

274. 266.
329.
274.
260. 334.
306. 320. 746.
432. 274.
748.
749.
739.
749.
329. 749.
260.

334.
238. 329. 754.
329. 754.
260

329..

vers.
394.
396.

4444οω45454 ¹

nr.
736.
749.

400-4. 407. 764.

408.
417.
418.
449.
433.
435.
440.
443.
400.
488 sq.
496.
504.

507 sq.
523 sq.

526.
529.
534.

749.

228.

260.

220. 260. 329. 757.
329.

334.

265.

749.

736. 749.

749.

746.

736.

432.

749.

223. 275. 329. 736.
216.

334.

547-4. 551. 764.

548.
549.
554.
564.
572.
573 sq.
578.
584.
585.
586.
587.
601.
608.
614.
620.
621.
623.
627.
628.

444. 434.
444.

444. 444. 329.
299.

999.

444.

929.

911.

329. 249.
739.

444, 444.
929.
290.
290.

229.

132.

929. 448.
444.

444.

630-4. 660. 754.

635.
642.

328.
267.

 

