11. 11901911 1010111111 1919111019901. 111

111111001101111

vers.

158.

760.

767.

777.

779.

782.

783.

797.

807.

815.
818-1. 872.
823.

826.

827.

828.

830.

833.

833 - 835.
991.

836 - v. 838.

837.
811.
852-1. 854.
853.

856-1. 859.

858.

859.

860.

891.
811-919.
878.

880.

890.

895.

899.

908 sq.
919.

939.

950.

956.
971-973.
991.

1999.

nr.

328. 723.
115.

324.

256.

724.

291. 324. 918.
245.

704.

690.

245.

308.

225.

329.

690. 693. 730.
730.

119. 325.
274.

690.

274. 329.
730.

231.

329.

728.

231.

730.

727.

689.

730.

689. 730.
286.

339. 730.
231.

286.

723.

316.

328.

329.

329.

328.

329.

308.

225.

329.

ΡΗΠιΟΟΤΕΤΑΕ

vers.
1032.

1010-1. 1011.
1919.
1055.
1068 sq.

1091-1199.
1090.
1090-1099.
1091.

1091.

1099.

1999.

1119.

1111. “
1195.

1199. ,
1119.
1110-1119.
1110-1119.
1111.

1119.

1111.

1119.

1159.

1191.

1199.

1111.

1195.

1115.

1191.

1111.

1119.

1110.

1111.

1191.

1111.

1111.

1119.
1150-1159.
1151.
1151-1159.
1151.

1191.

nr.

919.
909.
115. 919.
191.

111.
995.
119.
101.

119.

111. 119. 151. 199.
115. 119. 151. 199.
111.
115. 119.
111.

919.
111.
111. 919.
111.
115.
115.

119.
119. 119.
111.
111.
’111.
111. 111.
999. 119.
115.

111.

111.

919. 999.
119.
111.

115.

195. 919.
199.

119.

919.
110.

191. 991.
115.

919. 111. 199.
919.

 

