H. INDEX LOOORUM TRAOTATORUM.

ven. nr·

. 33. 333.

333. 133 sq. 333.

332. 133. 333.

333. 341. 333. 331. 333. 333. 341.
333. 121. 311.

2213. 333. 333. 333.

333. 333. 341.

341. 131. ἵ 231233.

333. 333.313.333. 133. 314.
223. 341. 313313333. 134 sq. 333.
333. 333. 341.

333. 131. 212.

341. 113. 341.

333. 132-131. 231.

233. 133. 311.

233. 333. 333. 311.

311. 331. 131. 234. 333. 333.

333. 333. 333.

341. 133. 341.

214. 112. 333.

123. 231. 333. 113. 232.
333. 333. 333 eq. 333. 341.

341. 113. 341.

2213. 333. 314.

311. 131. 341. 232.

233. 333. · 333. 333. 333.

333. 133. 231.

333. 331. 131. 323. 341.

311. 232. 314.

311. 333. 333. 2113. 231.

 

