111 11. 11601011 30303333 33333330333333.

ΟΕΒΙΡ. comm ξ ΟΕΒΙΡ. conoul-:1

1
veru. nr. ¹ vers. nr.

631. 666. 166. 626. 666.
662. 333. '160. 333.
666. 616. 666. 116. 626. 621.
366. 333. 333. 262611:
333. 333. 160. 333. 333,
661-613. 666. 161. “ 333.
333. 06⁵. 166. 666.
661. 266. 600-602. 216661.
661. 666. 601. 602.
660. 302. 666. 602. 302. 326.
663. 626. 601. 261. 666.
666. 232. 610-616. 666.
661. 232. 211. 626. 661. 612. 666.
661. 616. 666. 611. 132.
666. 262. 211. 661. 616. 621. 262. 606. 360. 661.
611-661. 061. 333, 333. 626. 660.
611-666. 260. 621. 623. 612.
360. 232. 333, 626. 630. 333. 326.
009. 626. 216. 661.
661. 660. 621. 626. 261.
362. 106. 666. 661. . 661.
361. 333, 666. 626. 666.
666. 677. 666. 666.
300. 333. 636. 232.
361. 626. 666. 666-611. 666.
662. 685. 610. 666. 666.
666-106. 636. 611. 262. 211.
333. 626660. 661. 666. 611. 333. 216. 661. 616. 661.
106. 666. 660. 623.
101. 262. 330. 651—555. 661.
333. 360. 666. 262661.
333. 662. 666. 651. 260. 626661.
116. 232. 626. 661. 333.
333. 266. 611. 666. 666. 662. 260.
121 6qu ...1606 6661666. 232.
333. 232. 266. 666. 260. 661.
111. 262. 211. 610. - 326.
160. 226. 616. 661.

333. 333. 333. 616. 661. f
163. 261. 620. Ι 660. 666.
161. 262. 261. 666. 666. v 611.
161. · 611. 661. 611.
161-160. 661. 666. 1 666. 216. 261. 626.

 

