11. mom( nocomm mcmouuu. 117

ΟΕΜΡ. comum

VQI'S.
1115. ’
1116.
1117.

1'118.
1132.

1132-1136.

1133.
1134.
1135.
1139.
1142.
1148.
1153.
1172.

1139- 1194.

1190.
1192.
1193.
1201.
1209.
1210.
1211.
1219.
1221.
1225 sq.

1229-1232.

1230.
1231.

1235 sq.
1249. ·
1250.
1251. “

1265.

1266.

1263.

1210.

1230 sq.
1292 sq.
1300-1307

1303-1312.

1309.
1323.
1320 sq.

nr.
661.
260.
661.
246. 661.
246.
661.
246.
679,
Ι329.
659.
270.
679.
623.
260. 302.
661.
329.
251. 286.
296.
132. 679.
329. 679.

679.

302. 334.

653.

276.

321.

661.

696.

287.

623.

679.

329. 623.

623.

642. 661. 679. 680.
260. 329. 642. 661.
325.

260.

623.

236.

307.

270.

222.

302.

471. 672.

ΟΒΒΙΡ. comum

vers.
1333.
1334.
1336.
1343.
1354.
1353.
1359.
1370.
1311.
1330.
1331.
1339.
1390.
1405 sq.
1110.
1411.
1411 sqq.
1413.
1419.
1421.
1429.
1431.
1135.

1436.
1442.
1443.
1443-1156.

1447 - v. 1456.

1150.
1151-1153.
1453.

1454.

1455.
1462- 1471.
1166.

1460 sqq.
1161.

1463.

1469.

1111.

1430.

1133.

nr.

332. 334. 661. 679.
, 332. 661.
275.

225.

· 647,

275. 661.
661.

’ 679.
246. 329.
274. 679.
236. 274. 079.
661.

275. 661.
679.

679.

330.

661.

260. 293. 661.
275. 293.
275.

246.

125.

266. 263. 275. 279.
661. 679.
274. 275. 329. 679.
292.

661. 679.
631.

255.

125.

661.

329.

255. 272. 275. 652.
272. 652.
255.

255.

661.

255.

321. 329.
329.

225.

233. 236.
679.

 

