113 22. 22222222 300030113310313011311.

0131313. 33313 03013. comum

vers. nr. vers. nr.

1110 sq. - 331. 1-20, 034.
1414. 333. 3. 073.
1410. 339. 003. 531. 3-11. 303. 080.
1410-1134. 333. 11. 218. 013.
1011. 553. 17. 303. 007.
1133. 339. 13. 225.

2222-2222. 222222. 22. 222.
2222. ’ . 330. 33. 310. 222.
2222. 222. 22. 330.
2222,Ι 222. 222. 33. 222.
2222. 222. 22. “ 013.
2222-2222, 222. 22. 222.
2222 sq. 330. 31. 310. 222.
2222-2222. 333. 30. 330.
1100. 222. 22, 303.
2222. 222. 22. 222.
2222. 222. 22, 001.
2222. 222. 22. 333. 222. 222. 222.
2222. 222. 222. 222.

· 2222. 222. 22. 330. 222. 303001.
2222 sq. , 222. 222, 030.
1130-1130. ‚ 331. 22. 222222.
2222. 222. 22 sq. . 222.
2222. 300. 22. 222.
. 2222. 222. 033. 00. 303.
1100. - · 222. 222. 22. 333.
1103. 222. 22. 330.
1130. 222222. 31. 313. 222.
2222-2222. 222. 22. . 222. 330. 222.
2222. 222. 300. 333. 330. 222. 03. 330. 003.
1013. 222. 333. 222. 22, 222.
2222. 222. 222, 22. 222.
2222-2222. 222. 22. 303.
¹ 1013. 330. 22. 222.
1033. 330. 22, 303001.
. 2222. 222. 22. 222. 222. 303. 001.
1031-1030. 222, 22. 330001.
2222. 333. 300. 22.· 303.
1030. 331. 331. 222, 222. 22. 222.
2222. 333. 22. , 303. 222.
2222. 333. 222. 222. 22. 330. 222222.
1033. , 222. 22. 222.
--·’- 222.

 

