11. mnu noconuu mmmmm. 101

nummu mmm

vm. nr. VGI'S. nr.
834-839, 429. 9 5 330.
836. 428. 952. 334. ,
838. 329. 958. ⁸ 460.
842, 439, 959. , 243.
850. 268. 445. 960. 311.
851. 3041329. 491. 961. 460.

852. 221. 962. 214.
ΙΙ853. 439, 463. 472. 963. 214,
854. 439. 472. 966 sq. 472.
856. 311. 329. 912. 311.
’857-861. 415. 914, 491.
Ι 857. 214. 980. 230. 243. 395.
862 sq , 425. 981. 334.
866-879. 413. 985. 425.
810. 304. 993. 425,
812, 414. 996. 425.
873 sq. 413. 1000. 439,
882. 441. 1002. 329,
883. 425. 1010 sq. 439.
892 sq. ¹ 425. 1013. 311. 329. 439.
891 sq. 439. 1016. 439.
90οτ-928. 480. 1021. 132311.
904. 425. 1029, 256. 329.
904-924. “ 436. 1031. 439.
904-913. 470491. 1032. 257.
905-915. 419. 1033. 439.
905-913. 210. 329. 439, 453. 1034. 329. 439. .
483495. 1035. 311.395.425.
905. “ 426. 1036. 311. 395.
909. 425. 480. 1031. 284. 439.
910. 415. 1060 sq. 439.
913 sq. 451, 1064. 439.
925. 260. 1065. 439. 491.
925-928. 400. 419. 1066. 321.
926. 445. 1067. 321.
921, 311. 1068. 445.
931. 329. 1077. 439.
932611. 451. 1078. 274. 439.
939. 448. 1019. 214.
940. 395. 1080-1083. 329. 453. 491.
941. 311. 395. 1080. 211. 290. 425, 426439.
942. 395. 1081. 290. 425. 426. 439.
949. 330. 1082 η. , 426.

 

