91 11. 11311211030111111 12101110111111.

111013 i 112013

vm. nr. Vm· nr.

213. ‘232. 231. 311. 353-331. 231.

213. 231. 353. 3412.
212. 325. 311. 351. 335.
221. 232. 311. 211. 3412. 353. 3315.-
221. 311.· 311. , 3112.
221. 232. 333. 333. 311. 3411. 335.

231. 311. 312-311. 231. 335.

235. 231. 311. 313.. 3413.

231. 211. 311 sq. 335.
213. 311. 313. 3333. 333.

215. 251. 311. 333. 132.
251. 333. 331. 3412.
251. 231. 323. 333. 335. 311 11.
253. 311. 333. 3413.. 351.
233. 311. 335. 333. 331.
333. 315. 112. 323.

213. 231. 113. 315.
233. 215. 213. 353. 111. 333. 212. 333.

213. 311. 115. 231. 255. 211. 3333. 351.

211. 311. 353. 335.
213. 311. 333. 213.
233. · 132. 111. 323.
213. 132. 2211. 311. 311. 333. 333.
231. 221⁸. 113'. ‘3111

235. 311. 131. 3112.
233. 231. 333. 333. 3333. 232. 323.

231. 335. 333. 232.
313. 335. 333.-333. 3333.
311. 311. 133-131. 333.
315. 232. 333. ¹· 231.
311. 311. 333.· 231.
312. 132. 315. 333. 313.
311. 311. 115. 3412..
333. 231. 113. 3412.
333. . 2211.231.323. 151. 3113.
331. 311. 155. 3412.

311. 325. 333. ⁸ 3412.
311. 333. 333. 311 2.

333. . 333. 333. 232.
311-535. 311. 333. 232.
351. 311. 315. 115. 211.
351. 3411. 315. 113. 3412.
. 355. 233.:3111. ι 333. 333.

 

