11. 12131412000131111 234034203341. 99

4232113033411

nr.

213. 233.
213. 311. 423. 441. 431.
223. 413. 433. 443.
431.

334. 443. 412.
211. 433. 443. 412.
214. 412.
433.

231. 323.

223.

333. 112.

213. 333. 433. 443.
433.

213. 232.
111.

211.

133.

323.

223.

323. 433.

233. 311.
233.

233.

243.

433.

434.

434.

233.

323.

433.

423.

211.

132. 433.
433.

433.

433.

412.

230.

323.

433.

433.

223.

233.

, 1212802111

vers. nr.
443. 423.
456. 226. 425.
464. , 228.
465. „ 423. 433.
466. 284. 296. 311. 425. 438.
467. 329.
433. 221 3.
433 sq. 336.
491. 223.
495 sq. 339. 462.
564. 226. 419. 438.
565. 433.
566. 1 276. 491.
569. 491.
514. 433.
515 sq. 491.
519. 438.
320. 161.
521. 438. 491.

524. 433. ’

323. 311. 454.
536. 435. 438.
537. 438.
546811. 425.
544. 433.
551. 132.

554 sq. 433. ·

556. ’ 423:
557. 216. 425.
566. 332.
563. 433.
571-576. 226.
511. 433.
575. 311. 323.
577. 433.
573. ³23. 436.
536. 433.
532-597. 467. 412.
532-1. 625. 336.
532-636. 465. 466. 434. 443. 461.
534. 466. 423.
533-333. 311.
536. 323. 466. 433.

’μ

 

