100

4991902949

vers. · nr.
595. 459. 445.
595. 499.
594-944. 499.
594. 929. 999. 499. 499. 499.
595. 995.
595. 599. 999. 995.
599. 499.
599. 449.
999-995. ¹ 559.
599. 229. 499. 459.
999. 229. 929. 499. 499.
991. 499.
992. 992. 491.
599. 499. 449.
994-949. 499.
994-912. 429.
994. 929. 441.
995. 999. 419. 459.
599. 929. 995. 999. 445.
994. . 459. 599. 445.
994-949. 494.
949. 999. 445.
911. 995. 999. 419.
912. 599. 449.
945. 911. 425. 459.
' 914. 299. 929. 995. 499. 459.

’ 615. ’ 230.

619. 426.
921-924. 493.
622. 329.
027. 329.

. 635. 226.

648. 260. 306. 311.
668 sq. 439.

’ 664. 499.

999. ’ 449.
944. 425
945. 419.
999. 544.
999. 491.
991. 299.
999-995. 419.

995. 321,

11. nmnx 1500019924 mmmm.

Ammona

vers. nr.
696. 459. j
699. 224.
790. - 285.
703. 230. 491.
704. 491.
705. 329.
707. 289.
708-714. 455.
718. 228. 292. 305. 439.
728 9q. 439.
733. 226.
734 9q. 439.
736. 419.
737. 220.
740. 125.
741. 439.
746. 439.
751. 419.
765. 426. 439.
756. 290. 411. 439.
757. . 329. 411.
758. 299. 439. 491.
760. 329.
761. 461.
762, 419. 439.
763. · 439.
771. 316.
775. 274. 329.
776. 246.
777. 472.
778. 445.
781. Ι 227. 447. 472.
782. 428. 472. 480.
783. 480.
789. 392.
790. ’ , 311. 493.
798.

800.

803.

806-881,

817 sq.

825.

831 sq.

 

