108

W. 33943

vm.
211-216.
213.
214.
216-215.

213.

292.

304.

. 661. 666. 563. 573.
581 b. 611.

334. 544. 553. 554. 666.
288. 329. 551. 595.

551.

595. 598. 666. 611.

302. 666. 611.

666. 584. 598. 661.

554. 513. 584. 666. 604.
595.

244. 291. 566. 611.

266. 611.

230. 329. 586. 595. 611.
132.

216.
211.
218.
220.
221.
224.
225.
226.
221.
228.
230.
233.
236.
244 q.
246. Ι
246-251.
249. Ι
249-251.
252.

255.

258 sq.

261.

263.

261.

269.
269-212.
211.

212. ·
213.

216. , s
261. ¹

219.

292.

293,

294.

295.

291.

305.

595.

· 595.
666. 598.
586.

595.

553.

595.

593.

513.

595.

239. 549. 593.
239.

286.

595.

595.

586. 592.
586.

584.

329.

584.

666. 593.
6616. 611.
666. 611.
549.

329.

666.

nr. 6016.

n. 1661261 11000121611 mmmm.

0666216. mle

116.
616.
666.

666.

266.

666.

266. 666.

664.

616.

226. 244. 246. 666. 664.
666.

226. 246. 626. 666. 666.
6616. 666. 616.

266. 666.

616. 666.

646.

666.
312.
311.
320.
323.
324.
325.
323.
328.

329.

664.
666.
666.
666.

346. ' 666.

616. 666.

666.

666.

666. 666.

661. 666.

266.

616.

264. 626. 616.

661.

666.

266. 264.

666.

616.

626.

666.

666. 666.

662.

266. 666.

611.

646.

646.

348.

646.

354.
354-319.
339.

360.

311.

314 sq.
666.

313 sq.
363.

666.

661 sq.
391.
404-401.
411.

411.

419.

420.

421.

424.

425.
425-438.
429.

666.
626. 666. Ἰ

626.

246.

266. 646. 664. 666.
661.

261.

 

646. 664. ,

