. 726 1. 1997977 LOOORUM 7199979709977.

DEPERDITARUM FABULARL'M DEPERDITARUM FABULARUM

fragm. nr. fragm. nr.
Κρέουσα 324, 791. Φρίξος 646. 795.

Κρῑοις 332. 795. Φρύγες 579, 4. 777.
Λάκαιναι 337. 777. incertae sedis 669, 2. 236.
338. 766. 673, 2 et 3. 236.

339. 778. 782. 253. 291.

Λήμνιαι 352. 329. 676. 329. 762. 791.
Μυοοὶ 964. 790. 579, 12. 329.
Ναύπλιος 377, 2, 2887112791. 682, 2. 236.
979. ττι, 999, 7. 799.

. 381. 235. 688. 791.
Νιόβη 999-799. 797. 9,v. 7. 797. 797.
. Νἱπτρα 408. 287. 691. 321.
499. 795. 092. 766.

Παλαμήδης 426-428. 798. 693. 762.
Πηλεύς 434. · 792. 764, l. 762. 766.
Ποιμένες 4617. 329. 780,
Πολύϊδος 463. 234. 236. 713, 7. 329.
762. 778. 716. 780.

Πολυξένη 779, 7. - 979. 779, 7. 797 7.
Ριζοτόμοι 481 ³. 762. 766. 728. 795.
Σαλμωνεύς 483. 772. 736. 790.
Σκύριοι 501. 778. 797. 766.
Τηρεὺς 514, 1. 762. 757,1. 762,
575, 1. 310. 777. 759. 791.

517. 775. 760. 285.

517 v. 9. 791. 761. 329.

Τριπτόλεμος 534. 766. ρ 789. 778.
Τρώιλος 553. 778, 1 792. 778.
Τυμπανισταί 595. 800. 919. 799.
Τυνδάρεως 572, 3. 768. 789. 829. 289.
Τυρώ 583³. 329. 830. 328.
583b. 790, 844, 3. 780.

589. 779. 862. 778.

Ὕβρις 595. 795. 997. 993. 299.
Φαίδρα a 609, 2. 795.. 312, 792.
“1’]” 970. . 274. 995. 779.
614. 274. olim *917 773.

Φθιώτιδας 522. 792. 949⁶. 778.
624. 233. 792. 964. 791.

 

