'11. 122121222 15555511 511511155511.

282

212

282
m22ffl.m2
125. 222. 282. 510.
302.512

295

212

285

42
42
42
52
54
52
61-65
72

75

75

82

85

82

82
91-93
92

162
165
112

112

112

115

122
122
132
132

142

152

152
152

152
156
152
182
,162
165
112
172

202.
222. 222.
151155.

225.

522.

252.

111.

ὃ 111511511.
225.

222.

252.

· 522.

222.

212.

· 225.
225.

512.

115511.
151511.

225.

515.

512.

225.

515.

215. 522.

515. 511.

225.

512.

522.

521.

222.
· 522.
522.

7525.
182
185
185
182
192
192
192
262
212
212

,215

212
222
222
225
222
232
232
232
242
245.
249

251-258,
252
252
255

272
272
365
315
328.-
332
335
335
332
345
345
355
352
362
362

362

ΕΒΕΟΤΒΔΕ

M.
515
522
522

115. 255. 515. 521. 512.
521. 511.

512.

115.

511.

, 225.
252. 512. 522. 525.
515511. 522.
522.

212. 111. 511.

111.

511.

115. 522.

215.

225.

512.

111.

212.

222.
111. 115.

111.

511,

255.

522.

222. 522.

252. 512.

222.

115. 551.

512.

511.

511.

111115, 222. 512.
511.

512.

252. 222.

222. 522.

522.

125. 111111151. 115.
511. 512. 512. 551.
512.

 

