11. INDEX 1100011011 TRAcTATomJu.

01:912. REGIS

vers.
1022.

. ’ 1021.

1028.
1031.

1054.
1055.
1056.
1084.
1085

1086'-1110.

1088.
1090.
1091.
1098.

1098- 1109.

1105.
1110.
1114.
1118.
1128.
1133.
1135.
1141.
1145. 1
1151.

1158-1163.

1161.
1180.
1181.
1190.
1195.
12111.
1201.
1208.
1209.
1210

12131-1215.

1211.
1216.
1225.
1226.
1232.
1211.

nr.

288.
288.
329.
216. 329. 591. 598.
320. 581.
593.
260.
260. 286.
329.
556.

. 556.
584.
329.
222.
301.
594.
556.
285.
584.
684.
260. 554.
329.
132.
329.
271.
239.
214.
256.
216.
329.
519.
598.
559. 591.
611.
611. 681.
684.
560.
594.
323.
321. 598.
246. 321.
329.
331.

OEDIP. REGIS

1818.
1214 - 1250.
1249. =
1263.
1264.
1261.
1271.
1271- 1274.
1273,
1274.
1216.

nr.
607.
211.
240. 283.
288. 329.
329.
511. 542.
250. 596.
239. 511.
541.
254.

1280. 220. 239. 260. 290, 329.
519. 598. 607. 611, 616.

1281.

1289.

1235 sq.
1303,
1303-1306.
1301.
1307-1311.
1330.

1333.

1337 sq.
1319.

1311.

1317.

1318.
1319-1351.
1350 sq.
1353.

1357 .

1359.

1378 - 1380.
1380- 1382.
1382.

1383.

1388.

1389 1q.
1396.

1397.

1399.

1100.

1103.

221. 333. 1131. 311.
231.
321.
323.
331.
611.
301.

125. 323.
331.
313.

3312. 301.
323.
313.

323. 331.
232.
323.
1131.
323.
302.
301.
233.
121.
323.
323.
233.
233.

233. 323.
233.
233.
331.

1109-1434. 210. 283. 286. 603. 611.

 

