11. 11111111 11111111 mmmm. 97

AIACIS ἶ ANTIGONAE
1111. nr. 1111. nr.

1233. . 231. 9. 268. 158. 191.

1289. · 231. 10. 226. 290.
1257-1263. 380. 19. 226.

1253. 221. 21-425. 270.
1273. W , .. ‚ 3678 221. 21-21. 119.
1279. 231. 21. 117.
1281. 231. 329. 22. 270. 119.

w m.w mmmmm
tm ·ae5 μιωηωωω.
, m5 m24 mmmmm

1307. 260. 121. 158. 160. 183. 191.
1310. 385. 25. 258. 183.
1311. 231. 385. 30. 329.

1312. 260. 329. 385. 31. 119.
1310-1311. 377. 33-36. 181.
1316-1369. 239. 371. 38. 325.
1318. 385. 39. 151.

1111. 111. 111. 11. 111111. 454.
1111. 111. 11. 1111111111.
1111. 111. 111. 45. 111111111. 111.

1379. 385. 46. 231. 270. 311. 329.
1390-1399. 270. 18. 138.

1398. 371. 53, ' 226.
1102. 329. 371. 57. 118. 158.

1193. 329. 59. 226. 306. 138.
1113-1117. 270. 60. 138.
1116. 289. 358. 61. 226.

1118-1120. 298. 69. 138.

11. 111. 111. 111.

“-- 11. 111. 425.

78. sq. 330.

11. 111.

*mmm 11-11, 111.

-5. 45⁸. 11. 111.
1. 111. 11. 111111. 111. 111.
111.111.111.111.111. 11. 111.
111111111. 111. 421. 425. 11. 111.
111111. 111. 111. 111. 11. 111.
1. 111. 111111111. 11. 111. 111, 111·
4. 111111. 111. 111. 1-11.) 111. 11. 111.
412. 111111111. loo-454. 111.

1
1
l
2

-
Ο
Ι

5. 268. 279. 102. 185.

6. 329. 191. 103. 185.
(11111111, Index triplex. 7

 

