118

061311'. comum

vers.
1489.
1490.
1491-1199.
1493.
1499.

1511.
1524.
1526.
1531 sq.

1533.
1534.

1534- 1538.
1535.
1536- 1538.
1536.

1551.
1556-1578.
1556.

1560.

1561.

1562.

1563.

1565.

1566.

1567.

1568.

1570.

1571.

1572 sq.
1574.

1575.

1579.

1583.

1581.

1585.

1590 sq.
1613.

1626.

1632.

1635.

1636.
1638-1646.

nr.
326.
626.

666.

211.

266.

331. 661.

236.

661.

266.

616.

211. 326. 663. 666.
666.

661.

331. 666.

326.

666.

216. 661.

266. 620.

663.

266. 216. 326. 326.
333. 394. 339.
394.

126.

216. 326.

216. 666.

666.

216.

216. 666.

266.

216.

216. 626.

214.

326.

661.

329. 661.
661.
671.
275.
329.
285. 329.
274.
279.
286.

11. INDEX LOCORUM TRACTATOBUM.

0111611’. 0012066161

7819.

4349.
4349-4343.
4343 sq.
1662.

1662.
1616-1636.

1670-1750.

1673.
1675 sq.

1686-1682.
1685- 1687.
1689-1691.

1691.
1693.

1693- 1698.

1695.
1696.

1697- 1699.

1699.

1700- 1762.

1703.

1712. ·
1713.

1716.

1722.

1727.

1730.

1731. -
1732.

1733.

1734.

1739.

1742.

1718.
1748-1750.
1751-1753,
1162.

1775.

1778-9. 1780.

117.
246. 275. 329. 334.
661.

286.
679.
274. 666.
632.

629. 636.
221. 266.
669.

632.
661.

⁴ 661.
326.

329. 636.
632.
316. 636. 661. 669.
669.
661.
217, 329.
661.
669.
632.
256. 329.
329. 636.
329.

658.

659.
632.
292.
632.
292.
,636.
636.
668.
661.
661.

216. 326. 666. , ³

329.
298.

 

