102

vers.
1001.
1000.
1000. '
1001.
1100.
1100.
1110.
1110.
1111 sq.
1110.
1101.
1100.
1100.
1110.
1155.
1151.
1100.
1101.
1155.

1112 sq.

1115.
1116 sq.
1118.
1119.
1132.
1185.

“ 1186.

1192 sq.
1194 sq.
1191.
1203.
1206 sq.

1210-1216.

1214.
1216.
1222.
1225.
1228.
1229.
1230.

1231. ’

1232.
1236.

11. umnx 0000101111 mutuom.

mnoom

111,

230.

262.

230. 425. 480.
425.

311. 439.
439.

395.

230. 311.
329.

311. 408.
230.

329.

445.

491.

230. 311. 403. 439.
250. 329.
230. 439.
226.

200. 491.
439.

230. 448.
491.

439.

329.

248.

311.

491.

308.

425.

mmm

0010.

1242 sq.
1241.

1250.

1265.

1236.

1212.

1216.

1218 sq.
1281.

1284.

1286.

1299.

1301.
1312-1327.
1319-1322.
1319 1q.
1330. ”
1336.
1339,- 1342.
1339.

1341.

1342.

1343.

1344.

1345.
1341-1352.
1343.

445, ’ .

311. 329.
439.

493.

230. 425.
425.

243.

329.

230. 491.
491.

493.

425. 439.
329. 425.
· 329. 425.

nr.
491.
132.

329.

445.

325. 438.
334.

438.

425.

458. 480. 483.
230.

438.

493.

329. 396. 491.
491.

143.

410.

243..

308.

143.

410.

398..

230. 398. 458.
398.

995. 439.
439.,

298.

329.

mcum

’1-803.
1-651.
1-10.
11.
17.
20.
21.
22.
26.
27.
28.

555.
511.

000. 511.

511.

511.

115.

115111. 001. 511,
000. 001. 511.
511.

511.

115. 511.

 

