veru.
811.
812.
815.
818 sq.
821 sq.

833.
834.
835.
836.
839-844.
839-842.
839.
840. ,

841 sq. ¹
. 852.

853.
854-858.
854.
855.
867.
868.
869.
878.
879.

= 880.

881.
890.
901.
9193
921.
922.
937.
938.
940.
941.
957.
960.
961-973.
961.
962.
964.
966.
967.

11. mnnx Locomm 2230‘222'031222.

mols

nr.
260. 385.
386.
231. 250.
231.
282.
290.
329.
385. 448.
385.
' 364.
252.
234. 270.
270.
231. 329.
234. 364.
252. 364.
231.
243. 323.
323.
254.
250.
274.
282.

’ 248. 274. 350.

111. 111.
111.
111. 111.
332.
323.

111. 111.

111.

222.

303.

232. 384.

111. 111.
111.

233.

270. 333. 321.
323.

329. 331.

111.

11]. 232.

232.

vers.
971.

978.

986.

992 sq.
994.

998.
1020.
1028-1039.
1031.

1044.
1046.
1050.
1058 sq.

1067-1070.
1071-1086.

1076.
1077.
1078.
1082 sq.

, 1085.

1100.

1102-1108.

1105 sq.
1112.
1117.

1120-1141.

1120.

1121 -1124,

1129.
1131.

1133-·1137.

1140.
1141.
1157 .
1167.
1184.
1187.
1190.
1191.
1199.
1214.
1216.

, 1213.

mels .

0

nr.
385.
353. 358.
231.

385.

274.

374.

¹ 374.
374.

275.
374.
325.
325.
374.
374.
379.

231.

231. 321.
321.

374.
231.

231. 233.
270.
385.

358. 374.
225. 685.
239.

234.

379.

235. 288.
2211.
377.

379.

329. 379.
329.

282.

253.
354.

354. 385.
329.

282.

329.
282.
282.

 

