’ 11. mm nouom mmmm.

mmm

vers. nr.
1146. 282.
1148. 282. 510.
1156. 329.

, 1160. ³25.

1110. 339.
1111 sq. 210.
1113. 329.
1119. 215.
1180. 512.

1205. 523.

1201. · 329. 512.

1220 sq. 286.
1222. 282.

1226. 512.
1231-1287. 508.
1231-1241. 255.
1233. 255.
1235. 253.
1242. 534,
1250. 512.
1251. · 329. 534.
1252. 211.
1260. 219. 195.
1210. 495.
1216. 291. 510.
1281. 211. 219. 314. 510. 512.
1282. 314.
1283. 125.
1288-1294. 495.
1288. 211.
1304-1361. 321.
1314. 219.
1322. 321.
1323. 321.
1328.
1329. 246. 329.
1331-1335. 495.
1336. ,329.
1339- 1345. , 495.
1341. 329.
. 1351 sq. 512.
1360. 329.
1364. 510.

219. 282. 496. 9

fflfflffl

vers. nr.
1384-1441. 519.
1385. 132.
1394. 215. 281. 329.
1395. 215. 512.
1398. 219.
1409. 329.
1413. 219. 329.
1415. 329.
1423, 215.
1424. 329.
1431. 495.
1439. 498.
1448 sq. 510.
1449. 219. ·
1451. 335.
1458. 329.
1466. . ‘ 510.
1468. 329.
1411. 219.
1483. 329.
1485. 329. 495.

1555. 233. ’

1508-1510. 298.

omnm mols

550.

302. 549.

513. 595.

329. 513.

264. 550. 585. 611.
302.

566. 513.

244. 549. 566. 513.Ι
329.

553 sq. 513.

302. 550. 513.
321.

598.

321. 513. 611,

310. 613. 611.

 

