104

mmm

nr.
237.
217. 282.
282.
329.
325.
286. 329.

286.

125. 279. 532.
532.

282.

219. 282.
512.

512.

246, 286. 532.
286. 532.
512.

512.

510.

219. 229. 512. 529. 532.
255.

219. 229. 275. 529, 582.
502.

274.

282, 498.
282.

245.

219.

219.

512.

282. 496. 510, 528.
282. 528.
219. 498.
282, 512.
219.

498.

219.

275.

329.

274.

282. 496.
329.

512.

495.
495-499.
496.
497.
501,
508.
509.
516.
525.
426.
528.
532.
533.
534.
536. ’
538.
551.
554.
556 sq.
560.
566.
567.

577. y
573.
579.

290. .

11. num hocossuu mmmm

mmm

vers.
590.
591.
600.
604.
605 sq.
606.
810. ,Α
624.
656.
647.
849.
650.
651.
657.
859,
676.
680-763.
881.
682.
686.
687.
690-895.
690.
691.
696.
698 sq.
709.
710.
716.
718.
774 sq.
726.

nr.

290,

512.

275.

224.

712.

’ 510.
317.

510.

234.

510. 527.
329.

219. 532.
532.

510.

329.

299.

506.

512. 522.
512.

227. 290. 521.
521.

270.

512. 532.
329. 495. 512. 525. 532.
321.

524.

329. 334.
279.

329.

275.

512.

217.

527.

275.

521.

217. 219. 498. 512.
275.

329.

274. 329.
510.

737.
736.
737.
743.
779.
757.
758.
759.
763.
770. ·
771.

246.
321. 528.
321.

Ι

 

