n. nunnx 3330333 33333333333. 35

1

nr. veru.
3413. 623.

231.

3413.
3413.
3413.

238.

387.

256. 338. 3413. 387.
381.

3413.

323. 3413. 374,
323. 374.
3413.

385.

3413.

331.

323.

233.

341 n.

' 3413.
341 3.

383. 333
341 3.

216. 272. 323. 3413.
272.

3413. 387.
3413. 282.
385.

3413.

373.

378. 333.
288. 3413
349.

332.

332. 3413.
255. 341.

ἰ 355. 374. 3413. 388. 383.

3413.
3413.
3413.
341 3.
341 3.

258.

834.
635.
837.
638.
634.
636

648.
647.
843.
653.
651.
652.
653.
657-831.
886.

612 sq.
677.

678.

885.

683.

633.

761.

714.

113.
723.
145 sq.
755.
158.
770.
772.
177.
783.
788.
732 sq.
735.
738 sq.
738.
133.
886.
862. .
886.

ω43ωωωηωω

nr.
3413.
385.
3413.
358.
323.
3413.
3413.

334.

, 3413.
3413.
385.
358.
3413.
376.
347.
341 3.
213.
274.
323.
282.
341 3.

388. 378. 385. 684.
343. 375. 378.
375.

333.

333.

 

