122

PHILOC'I'ETAE

vers.

1265.

1266.

1270.

1290.

1308.

1322.

1330.

1337.

1355.

1361.
1362-1. 1367.
1363.

1361.

1370.

1383.

1385.
1391-1396.
1393.

1391.

1102.

1112.

1118.

1119.

1120.

1128 sq.
1131.

1136.

1137.
1137-1111.
1110.
1110-,1111
1111.

1112.
1112-1111,
1118.

1152.

1151.

1156.

1161.

1122 —v. 1179.

221. 225, 723.

329. 730.

723. 230.
323. 730.

nr. vera.
225. 7.
329. 11.
325. 12.
230. 13.
329. 11.
723, 12.
225. 685. “ 24.
329.,
213.
225.
270.

25.
27.
29.
30.
231.
231.
723.
329.

31.
13.
16.
16- 18.
329. 17.
228.
51.
55.
55- 32.
57.
58.
60.

68.

723.

722.
723.

328.
722.
722.
722.
709.
723.
270.
723.

22-23.
79.
79-85.
80.

81.
81.
88111.
91.
100.
101.

228.
329.
225.
329.
722.
722.
722.
298.

112.
113.
111.
116. .

116-118.

53. .

77-1. 79.

109111. '

Π. INDEX LOCORUM 213300300111210.

TRACHINIARUM

nr.
111.
230. 311.

233.

233.

233.

323. 323. 213.
323.

311. 323.

331.

302. 311151.
302. 323. 253.
233.

254.

111.

233.

323. 213.

233.

323. 331.

230. 323. 323.
213.

221. 323. 233.
230.

213.

311.

233. 323. 013.

212. 213.

, 213.

233. 311. 331. 233.
220.

223. 221. 232. 312.
323. 111.

232. 213.

323.

213. 231.

221. 311. 323. 233.
230.

231.

323.

. 233.

232.

231.

213.

231.

 

