11. mnssx Locown mcmossuu. 115

’ onmpoms comm OEDIPODIS comm

vers. nr. vers. nr.
589. 1125260271. 688-691. 232.
590. 232. 251. 274. 302, 689. 625.
594. 232, 690. 6489.
599. 256. 691. 625. 682.
603. 661. 692 sqq. 625.
610. 257. 695. 306. 684.
612. 232. 696. 6482684.
614 sq. 329. 697. 682.
616. 302. 658. 698. 218. 289. 618. 625.
617. 302.’658. 628. 664. 682.
621. 232. 698-701. 232.
625. 246. 700. 627.
628. 623. 701-703. 255.
635. 658. 701. 625. 627. 669.
636. , 679. 702. 329. 668.
637. 679. 680. 703. 329.
640. 653. 708, 6489.
616. 225. 709. 625. 6484.
650. 232. 710. 625. 6481).
653. , 302. 711. 218. 618. 64812604.
655. 329. 716. 6480.
658. 132. 293. 301. 329. 661. 718 sq. 625.

666. 668679. 684. 721. 286. 329.
659. 293. 661. 728. 225. 232.
661. 232. 729. 232.
662. 674. 735 sq. 291.
663. 330. 749. · 329,
664-667. 232. 751. 219. 232.
664 sq. 330. 752. 618.
666-719. 664. 753. 232260.
667. 625. 753-757. 661.
669. 6489. 755, 275.
670 sq. 625. 755-760. 321.
673. 625. 758. Α 232.
671. 623. 625. 6489. 759. 232. 658.
675. 625. 765 sq. 232.
676. 058. 769. 329.
677 sq. 625. 771. 329.
680, 625. 775. · 668.
683. 306. 625. 6489. 776 sq. 679.
686. 6481). 783. 329. 682.
687. 682. 785. 329.
688. 221. 787. 232.

 

