. 116

vers.
790.
797.
800.
808.
811.
812.
813.

813-912. 618.

814.
832.

ΙΙ. INDEX 2000131611 mcwonuu.

OEDIP. 0015013121

nr.

653.

682.

225.

679.

232.

246.

218. 246. 294. 329.
661. 669. 679.

294.
251.

839-842. 252.

842 sq.

853.
854.
851.
858.
861.
862.
866.

866-945. 682.
658.

132. 286.
680.

869.
810.
882.

885.
901.
902.

669.

252.

233. 668.
663.

232. 663.

294. 329. 661. 680.

294. 329.

232.

, 191,
232.
213.

911-1022, 290.

911.
912.
911.
918.
939.
946.
949.
954.
956.
916.
989.
999.
1003.
1004.
1006.

661.

329.

232. 653.
655.

653. 668. 680.
238.

232.

623.

232.
246.
274.
285.
329.
258.
658.

OEDIP. 0015026161

vers. nr.
1919. 236.
1911. 199. 919.
1613. 323.
1016. 306. 631.
1613. 323. 661.
1919. 911.
1621. 260. 919. 661. 911.
1023 sqq. 668.
1623. 335.
1036. 199. 119919.
1991. 114.
1919. 919.
1911-1999. 636. 663.
1611-1053. · ’ 633.
1911, 221. 999.
1999. ‚653.
1066-1653. ¹633.
1661-1663. 231.
1651. 630. 663.
1999, 323. 633. 636.
1999. 636.
1661. 630.
1065. 653.
1662. 633.
1663. 212.
1919. 653.
1621-1631. 633.
1621. 630.
1625-1023. 661.
1919. 251. 323. 332. 633.

1077. 337. 638.

1078. 638.

1631. 336.
1631-1631. 653. 661.
1633. · 213. 613.
1631. 323.
1636. 226.
1631. 661.
1633. 236. 323. 661.
1103. 216.

1112. 274. -

1112-1114. 661.
1113. 679.

 

