11. 111131111203037131711133133117111. 123

TRAcfflNIARUM DEPERDITARUM FABULARUM

vers. nr: fragm. nr.
1332. 237. Αιχμαλωτωες 43. 733. 737.
1069. ’ 329. 759. 52. 778.
1074. 286. 736. 37. 778.
1082. 213. Ἀκρίσιος 58. 285. 329.
’ 1101. 233. 79. 785.
1103. 713. Ἀλήτης 91. 789.
1135. 733. '3133331 133, 3. 231. 233.
1139. 244 “ 108, 1. 234.
1118. 736. 2. 236.
1131. 256. 109, 3. 329. 766. ’
1136. 284. 7. - 769.
1138. 285. 287, 10. 329.
1139. 329. 11. 769.
1111. 333. Ἀμφιάρεως 115. 773.
1113 sq. 713. '3139011131 132. 731.
1133 sq. 233. 133. 733. 737.
1133-1. 1131. 308. Ἀτρεύς 1111q. 739.
1160. 759, Ἀχαίων σύλλογος 146, 1-3. 312.
1165. 329. 749. 148. 237.
1168-1173. 220. 150. 772.

11731q. 323. 133. · 733.
1186. - 274, Ἀχιλλέως &pomi

1232. 733. 132,1-1. 312. 773.
1233. 313. 3. ⁴ 273.
1220 sq. 323. 6-8. 738.
1223. 323. 3. 312. 773.
1211. 223. 233. 137. 323.
1217. 271. ‘E331133131311372 231.
1213. 233' Ἐριφύλη 207. 237.
1232-1273. 213. 233. 233. 312. 323. 733.
1255. 149, Ἑρμιόνη 213. 732.
1733. 233. 333. Ἡρακλῆς 44944444,

1237 sq. 349. 213. 731.
1231. 717. 223. 349.

1233. 311. 444, θαμῡρας 227. 323. 733.

1233. 223. 223, 1. 312.
1276—2. 1273. 233. 2231, 4. 737.
,..-. Θυέστης 2312. 731.

233, 1. 323.

33111111117131111 FABULARUM 233· 329·

fragm. nr, Ἴναχος 257. 775.

3711 Λοκρός 11, 2. 312. 277. 731.
Αἰγεύς 24. 233. 310. 329. Ἱππόνους 284, 2. 323.

 

