110 11. 117001 00000011701001000011.

onnn’. amm 00011’. 00010

7000. nr. 7010. nr.
690-597. 229. 828 sq. 555.
691. 221. 832. 251. 200. 929.
000. 262, 800. 000.
001-007. 301. 015. 239. 011.
005. 282. 845. 584.
698. 289. 852. 011.
70². 246. 598. 001. 246.
705. 549. 882. 839.
797 sqq. 553. 863. 553. 598.
. 709. 549. 889-919. 574.
713. 598. 884. , 598.
715 - 719. 285. 867. 598.
719. 285. 879. 574.
722. 571. 871. 299. 0010.
724, 595. 598. 878. 574. 598.
725. 246. 595. 598, 017. 598.
011. 020. 594. 889. 299.
742. “ 329. 881. 554.
759. 594. 889. 248.
763. 559. 571. 501. 595. 889. . 070.
771 - 789. 254. 894 329. 5545

555. 555. 00001. 000.
770. 701. 555. 555.
701. 555. 000. 001. 555. 555.
555. 555. 011. 011.

700. 555. 010. 555.

555. 555. 555. - 555.

701. 555. 000. 555.

555. 555. 555. 000. 555.

000. 007. 555. 555.· 555. 555.

001. 555. 010. 555. 555.
007-000. 555. 555. 011.

555. 555. 555. 555. 701.

010. 555. 007. 700. '
011. 555. 000. 555.

010. 555. 555. 555. 001. 070. , 555. 555.

010. 555. 555. 000-000. 555.

017. 100000. 555. 555. 555. 555.

010. 555. 555. 007-000. 555.

555. 555. 1000. 011.

010. 555. 1000-1000. 000. 1
, 555. 001. 1001 sq. “ 011.
017. · 555. 1000. 011.

1

 

