98

11. 11111111 1010111111 111111101111.

mmom

nr.
422.
311. 412. 422158. 491.
426. 458.

329. 422.

282.

226.

491.

286. 329.

412.

332.

289.

226. 239. 274. 311. 329.
428. 491.

299.

226.

217. 422.

329. 412 422. 480.
236.

226.

, 311.

438.

329. 422. 438.

226.

226. 292.

329.

333.

329.

449.

226.

425.

217.

279.

274.

330.

246.

329.

438. 468. 486.

. 458.
. 225, 291. 329. 464. 425. 491.
320. 469.
414. 428.
425.

491.

vers. .
229.
231.
233.
234.
235.
241.
243.

. 257 sq.

262.
263.

264.

265.
210 sq.
280.
286.
281.
289.
290.
202.
295.
296.
299.
300.
302.
303.
313.
314.
315.
316.
320.
321.
324.
326.
332-332.
332.

333.

334.

336.

340.
242-351.
343 sq.
348.

319.

Amoom

nr.
441.
111111.
414.

414.

422. 411.
111. 222. 111. 111.
111.

’ 111.
111.
mmmmm
414. 422.
414.

421.

222.

421.

222. 211. 222.
422.

222. 422.
222.

111.

111.

111.

222.

421.

421.

222. 421.
111.

111.

211.

Ι 111. 242. 111.
111.

111. 412.
222.

442.

111.

111.

111. 422.
242.

421.

111.

. 422.
111. 111.
111. 111. 111.

 

