vers.
438.

435 - 443.
485 sq.
438.

445 sq.
153-512.
478.

483.

484.

485.

11. mm 1100021111 mcmonuu.

031311‘. nume

487 sq. .

488 sq.
131.
482.
483.
434 sq.
437-512.
433.
584.
585.
586.
588.
515 sq.
517.
51855.
522.
523.
525.
530.
532.
536.
537.
588.
537-582.
551 sq.
562 sq.
564.
535.
586.
567.
572.
573.
574.

nr.

274.
233.
573.
288. 573.
573.
578.
275. 230. 323, 584, 533.
321. 573.
321.
’ 570.
538.
573.

535

554.
5818.
538.
578.
578.
554.
334. 573.
573.
323. 5818.
321.
323.
573.
323.
554. 535.
573.
554.
285.
573. 687.
573.
328.
233.
543.
573.
584.
584. 535.
535. 538.
323. 538.
553. 573.·
553.
554.

3313.

578.

581.

582.

583.

584.

585.

535.

587 sq.
588 sq.
586 sq.
538.

588.

888.

883.

684.

688 sq.
811-615.
612.

813.

614.

615,

628.
822-638.
622-625.
622.

623.

521.-

625.

626.

513.
333.
533.

848.
855.
658.
657.
688 3q.
663.
678.
674.
676- 724.
681.
882.

183

55599. 55599
nr.

311. 133. 313. 511.
153. 513.

111. 513.

113. 511.

533. 533.

513. 533.

599.

513.
513.

513.

313.

513.

115.

533.

513. 533.

253.

133.

311.

533.

513. 533.

. 513.

535.

133.

531.

551. 513.

531. 513. 533.
315111. 513. 533. 535.
133. 213. 111. 535.
233.

311.

535.

531.

313. 531.

513.

513. 535.

535.

535.

131.

313.

111.

333.

131.

115.

 

