124 11. mmex cononum 999099909991. ,

mmmmm* mmmmm

vers. nr. vers. nr.
, 647-654. 255. 856 sq. 275.
651. 255. 866. 306.
653, 255. 329. 875-895. 255.
654. 125. 748. 879. 329.
660. 747. 884. 749.
661 sq. 255. 736. 885. 311.
662. 753. 893. ’ 311.
678. 329. 896. 328.
680, 759. 903. 238.
684. . 329. 904. 736.
689. 125. 220. 260. 311, 907. 260.
734. 910. 315. 740.

690. 748. 911, 315. 329. 740.
696. 329. 916. 274.
697. 222. 929. 736.
700. 753. 933. . 224.
716 sq. 329. 761. 941, 325.
718. 275, 946. 233, 287.
723. 334. 955 sq. 315.
738. 736. 960. 736.
745. 329. 964. 736.

999. 297. 999. q}.„300„‚m7432 955.
798. 749. 979. 929.

766. 736. 978-ν.1004. 740.
775. 736. 981 sq. 274.
777. 334. 987. 245.
979-9. 782. 751. 988. 233, 329.
781, 260. 311. 334. 992. 736.
782. 329. 999. 736.
801 sq. 949, 1003. ’ 736.
805. 730. 1005. 255. 329.
808. 220. 1010. 287.
817 sq. 749, 1016. 736.
921-9. 869. 755. 1018. 275. 334.
824 sq. 744. 1019. 274. 329. 737. 758.
826. 749. 1020. 329.
830. 329, 1026. 245.
931. 311. 755. 1032. 245. 320.
835. 755. 1035. 274. 329.
837. 329. 755. 1046. 260. 334. 736. 747.
838. 755. 1046-1102. 741.
840. 755. 1047. 329,
854. “ 329. 1060. 287. 736.

 

